
A = 
6.03 0.59 0.00 0.00 0.00 0.00 0.00 0.00 0.00 0.00 0.00 0.00 0.00 0.00 ... 
0.59 1.65 0.23 0.00 0.00 0.00 0.00 0.00 0.00 0.00 0.00 0.00 0.00 0.00 ... 
0.00 0.23 4.98 2.26 0.00 0.00 0.00 0.00 0.00 0.00 0.00 0.00 0.00 0.00 ... 
0.00 0.00 2.26 8.26 1.87 0.00 0.00 0.00 0.00 0.00 0.00 0.00 0.00 0.00 ... 
0.00 0.00 0.00 1.87 4.32 0.29 0.00 0.00 0.00 0.00 0.00 0.00 0.00 0.00 ... 
0.00 0.00 0.00 0.00 0.29 5.00 2.21 0.00 0.00 0.00 0.00 0.00 0.00 0.00 ... 
0.00 0.00 0.00 0.00 0.00 2.21 5.98 0.78 0.00 0.00 0.00 0.00 0.00 0.00 ... 
0.00 0.00 0.00 0.00 0.00 0.00 0.78 6.13 2.29 0.00 0.00 0.00 0.00 0.00 ... 
0.00 0.00 0.00 0.00 0.00 0.00 0.00 2.29 5.30 0.36 0.00 0.00 0.00 0.00 ... 
0.00 0.00 0.00 0.00 0.00 0.00 0.00 0.00 0.36 3.33 1.30 0.00 0.00 0.00 ... 
0.00 0.00 0.00 0.00 0.00 0.00 0.00 0.00 0.00 1.30 5.87 1.63 0.00 0.00 ... 
0.00 0.00 0.00 0.00 0.00 0.00 0.00 0.00 0.00 0.00 1.63 7.62 2.18 0.00 ... 
0.00 0.00 0.00 0.00 0.00 0.00 0.00 0.00 0.00 0.00 0.00 2.18 8.07 1.85 ... 
0.00 0.00 0.00 0.00 0.00 0.00 0.00 0.00 0.00 0.00 0.00 0.00 1.85 5.52 ... 
... 

L = 
2.46 0.00 0.00 0.00 0.00 0.00 0.00 0.00 0.00 0.00 0.00 0.00 0.00 0.00 ... 
0.24 1.26 0.00 0.00 0.00 0.00 0.00 0.00 0.00 0.00 0.00 0.00 0.00 0.00 ... 
0.00 0.18 2.22 0.00 0.00 0.00 0.00 0.00 0.00 0.00 0.00 0.00 0.00 0.00 ... 
0.00 0.00 1.02 2.69 0.00 0.00 0.00 0.00 0.00 0.00 0.00 0.00 0.00 0.00 ... 
0.00 0.00 0.00 0.70 1.96 0.00 0.00 0.00 0.00 0.00 0.00 0.00 0.00 0.00 ... 
0.00 0.00 0.00 0.00 0.15 2.23 0.00 0.00 0.00 0.00 0.00 0.00 0.00 0.00 ... 
0.00 0.00 0.00 0.00 0.00 0.99 2.24 0.00 0.00 0.00 0.00 0.00 0.00 0.00 ... 
0.00 0.00 0.00 0.00 0.00 0.00 0.35 2.45 0.00 0.00 0.00 0.00 0.00 0.00 ... 
0.00 0.00 0.00 0.00 0.00 0.00 0.00 0.93 2.10 0.00 0.00 0.00 0.00 0.00 ... 
0.00 0.00 0.00 0.00 0.00 0.00 0.00 0.00 0.17 1.82 0.00 0.00 0.00 0.00 ... 
0.00 0.00 0.00 0.00 0.00 0.00 0.00 0.00 0.00 0.72 2.31 0.00 0.00 0.00 ... 
0.00 0.00 0.00 0.00 0.00 0.00 0.00 0.00 0.00 0.00 0.70 2.67 0.00 0.00 ... 
0.00 0.00 0.00 0.00 0.00 0.00 0.00 0.00 0.00 0.00 0.00 0.82 2.72 0.00 ... 
0.00 0.00 0.00 0.00 0.00 0.00 0.00 0.00 0.00 0.00 0.00 0.00 0.68 2.25 ... 
... 
