A = 
1.00 0.50 0.00 0.00 0.00 0.00 0.00 0.00 0.00 0.00 
0.50 1.00 0.50 0.00 0.00 0.00 0.00 0.00 0.00 0.00 
0.00 0.50 1.00 0.50 0.00 0.00 0.00 0.00 0.00 0.00 
0.00 0.00 0.50 1.00 0.50 0.00 0.00 0.00 0.00 0.00 
0.00 0.00 0.00 0.50 1.00 0.50 0.00 0.00 0.00 0.00 
0.00 0.00 0.00 0.00 0.50 1.00 0.50 0.00 0.00 0.00 
0.00 0.00 0.00 0.00 0.00 0.50 1.00 0.50 0.00 0.00 
0.00 0.00 0.00 0.00 0.00 0.00 0.50 1.00 0.50 0.00 
0.00 0.00 0.00 0.00 0.00 0.00 0.00 0.50 1.00 0.50 
0.00 0.00 0.00 0.00 0.00 0.00 0.00 0.00 0.50 1.00 

L = 
1.00 0.00 0.00 0.00 0.00 0.00 0.00 0.00 0.00 0.00 
0.50 0.87 0.00 0.00 0.00 0.00 0.00 0.00 0.00 0.00 
0.00 0.58 0.82 0.00 0.00 0.00 0.00 0.00 0.00 0.00 
0.00 0.00 0.61 0.79 0.00 0.00 0.00 0.00 0.00 0.00 
0.00 0.00 0.00 0.63 0.77 0.00 0.00 0.00 0.00 0.00 
0.00 0.00 0.00 0.00 0.65 0.76 0.00 0.00 0.00 0.00 
0.00 0.00 0.00 0.00 0.00 0.65 0.76 0.00 0.00 0.00 
0.00 0.00 0.00 0.00 0.00 0.00 0.66 0.75 0.00 0.00 
0.00 0.00 0.00 0.00 0.00 0.00 0.00 0.67 0.75 0.00 
0.00 0.00 0.00 0.00 0.00 0.00 0.00 0.00 0.67 0.74 
